year	transect	length	distance					
2002	1	10	335					
2002	1	10	149					
2002	1	10	71					
2002	1	10	51					
2002	1	10	75					
2002	1	10	100					
2002	2	10	243					
2002	2	10	285					
2002	2	10	108					
2002	2	10	150					
2002	2	10	105					
2002	2	10	210					
2002	3	10	37					
2002	3	10	272					
2002	3	10	31					
2002	3	10	418					
2002	3	10	240					
2002	3	10	248					
2002	3	10	175					
2002	3	10	175					
2002	3	10	261					
2002	3	10	69					
2002	3	10	52					
2002	4	10	68					
2002	4	10	238					
2002	4	10	111					
2002	4	10	226					
2002	4	10	241					
2002	5	10	275					
2002	5	10	5					
2002	5	10	82					
2002	5	10	132					
2002	5	10	209					
2002	5	10	300					
2002	5	10	231					
2002	5	10	84					
2002	5	10	383					
2002	6	10	81					
2002	6	10	43					
2002	6	10	82					
2002	6	10	102					
2002	6	10	594					
2002	7	10	315					
2002	7	10	316					
2002	7	10	330					
2002	7	10	98					
2002	7	10	276					
2002	7	10	0					
2002	7	10	120					
2002	8	10	48					
2002	8	10	442					
2002	8	10	33					
2002	9	10	133					
2002	9	10	136					
2002	9	10	163					
2002	10	8.5	195					
2002	11	10	124					
2002	11	10	64					
2002	11	10	85					
2002	11	10	114					
2002	11	10	30					
2002	11	10	159					
2002	11	10	50					
2002	11	10	96					
2002	11	10	122					
2002	12	10	NA					
2002	13	10	153					
2002	13	10	10					
2002	13	10	142					
2002	13	10	142					
2002	13	10	193					
2002	14	10	273					
2002	14	10	273					
2002	14	10	111					
2002	14	10	270					
2002	14	10	299					
2002	15	10	180					
2002	15	10	316					
2002	16	7.75	51					
2002	16	7.75	115					
2002	17	9.5	138					
2002	17	9.5	115					
2002	17	9.5	135					
2002	17	9.5	135					
2002	17	9.5	70					
2002	17	9.5	104					
2002	17	9.5	80					
2002	18	10	137					
2002	18	10	155					
2002	18	10	165					
2002	18	10	118					
2002	18	10	32					
2002	19	10	380					
2002	19	10	206					
2002	19	10	206					
2002	20	10	162					
2002	20	10	67					
2002	20	10	67					
2002	20	10	116					
2002	20	10	64					
2002	20	10	344					
2002	20	10	72					
2002	20	10	159					
2002	22	10	135					
2002	23	11.5	30					
2002	23	11.5	70					
2002	23	11.5	243					
2002	24	10	135					
2002	24	10	63					
2002	24	10	243					
2002	25	10	260					
2002	25	10	156					
2002	25	10	81					
2002	26	10	113					
2002	26	10	270					
2002	26	10	165					
2002	27	10	183					
2002	27	10	132					
2002	27	10	98					
2002	28	10	55					
2002	28	10	61					
2002	29	10	176					
2002	30	10	410					
2002	30	10	100					
2002	31	10	108					
2002	31	10	215					
2002	31	10	51					
2002	31	10	376					
2002	31	10	136					
2002	32	10	59					
2002	32	10	56					
2002	32	10	100					
2002	33	10	156					
2002	33	10	92					
2002	33	10	171					
2002	33	10	0					
2002	33	10	146					
2002	34	10	450					
2002	34	10	114					
2002	34	10	130					
2002	34	10	217					
2002	34	10	47					
2002	35	10	118					
2002	35	10	405					
2002	35	10	405					
2002	35	10	260					
2002	35	10	335					
2002	35	10	157					
2002	35	10	206					
2002	35	10	57					
2002	35	10	100					
2002	36	10	189					
2002	36	10	309					
2002	36	10	80					
2002	36	10	80					
2002	36	10	105					
2002	36	10	73					
2002	36	10	73					
2002	36	10	243					
2002	36	10	70					
2002	36	10	123					
2002	37	10	184					
2002	37	10	81					
2002	37	10	53					
2002	37	10	44					
2002	37	10	44					
2002	37	10	302					
2002	37	10	35					
2002	37	10	253					
2002	37	10	25					
2002	37	10	100					
2002	37	10	30					
2002	38	10	410					
2002	39	10	64					
2002	39	10	118					
2002	39	10	245					
2002	40	10	249					
2002	40	10	112					
2002	40	10	112					
2002	40	10	30					
2002	40	10	87					
2002	40	10	82					
2002	40	10	49					
2002	40	10	92					
2002	41	10	408					
2002	42	10	48					
2002	43	10	157					
2002	43	10	107					
2002	43	10	114					
2002	44	10	121					
2002	44	10	55					
2002	45	10	242					
2002	45	10	212					
2002	45	10	212					
2002	46	10	285					
2002	47	10	97					
2002	47	10	73					
2002	47	10	160					
2002	48	10	53					
2002	48	10	124					
2002	48	10	168					
2002	48	10	302					
2002	48	10	203					
2002	48	10	243					
2002	49	10	88					
2002	49	10	89					
2002	49	10	84					
2003	1	6	61					
2003	1	6	98					
2003	1	6	261					
2003	2	6	202					
2003	2	6	80					
2003	2	6	76					
2003	3	6	6					
2003	3	6	171					
2003	3	6	46					
2003	3	6	145					
2003	3	6	141					
2003	3	6	214					
2003	3	6	150					
2003	4	6	110					
2003	4	6	121					
2003	5	6	129					
2003	5	6	85					
2003	5	6	219					
2003	5	6	165					
2003	5	6	148					
2003	5	6	153					
2003	5	6	232					
2003	6	6	135					
2003	7	6	76					
2003	7	6	32					
2003	7	6	97					
2003	7	6	333					
2003	8	6	154					
2003	8	6	159					
2003	8	6	91					
2003	8	6	116					
2003	8	6	74					
2003	8	6	209					
2003	9	6	NA					
2003	10	5.1	327					
2003	10	5.1	356					
2003	10	5.1	262					
2003	11	6	99					
2003	11	6	150					
2003	12	6	85					
2003	13	6	219					
2003	13	6	141					
2003	13	6	129					
2003	14	6	147					
2003	14	6	80					
2003	15	6	NA					
2003	16	4.65	172					
2003	16	4.65	194					
2003	17	5.7	62					
2003	17	5.7	260					
2003	18	6	33					
2003	18	6	140					
2003	19	6	84					
2003	19	6	148					
2003	19	6	87					
2003	19	6	111					
2003	19	6	94					
2003	19	6	68					
2003	19	6	15					
2003	20	6	69					
2003	20	6	145					
2003	20	6	129					
2003	20	6	411					
2003	22	6	105					
2003	22	6	194					
2003	22	6	225					
2003	22	6	586					
2003	23	6.9	132					
2003	23	6.9	80					
2003	23	6.9	80					
2003	23	6.9	69					
2003	24	6	115					
2003	24	6	390					
2003	24	6	93					
2003	24	6	157					
2003	24	6	177					
2003	25	6	141					
2003	25	6	221					
2003	26	6	131					
2003	26	6	35					
2003	26	6	62					
2003	26	6	117					
2003	26	6	165					
2003	27	6	73					
2003	27	6	76					
2003	28	6	NA					
2003	29	6	202					
2003	29	6	195					
2003	30	6	175					
2003	30	6	36					
2003	30	6	91					
2003	30	6	55					
2003	30	6	278					
2003	30	6	193					
2003	30	6	93					
2003	31	6	106					
2003	31	6	70					
2003	32	6	62					
2003	32	6	261					
2003	32	6	140					
2003	32	6	75					
2003	33	6	227					
2003	33	6	294					
2003	34	6	147					
2003	35	6	285					
2003	35	6	292					
2003	35	6	142					
2003	35	6	151					
2003	36	6	155					
2003	36	6	292					
2003	36	6	87					
2003	37	6	53					
2003	37	6	82					
2003	37	6	35					
2003	37	6	303					
2003	38	6	130					
2003	38	6	64					
2003	39	6	301					
2003	39	6	50					
2003	39	6	164					
2003	40	6	NA					
2003	41	6	350					
2003	41	6	382					
2003	41	6	419					
2003	41	6	69					
2003	41	6	110					
2003	41	6	66					
2003	41	6	275					
2003	42	6	302					
2003	42	6	238					
2003	43	6	NA					
2003	44	6	349					
2003	45	6	112					
2003	45	6	231					
2003	45	6	298					
2003	46	6	170					
2003	47	6	NA					
2003	48	6	62					
2003	48	6	195					
2003	49	6	229					
2003	49	6	50					
2003	49	6	141					
2003	49	6	184					
2003	49	6	254					
2003	49	6	62					
2004	1	6	148					
2004	1	6	88					
2004	1	6	151					
2004	1	6	44					
2004	2	6	100					
2004	2	6	40					
2004	2	6	303					
2004	2	6	96					
2004	2	6	201					
2004	2	6	32					
2004	2	6	594					
2004	3	6	15					
2004	3	6	136					
2004	3	6	118					
2004	3	6	336					
2004	3	6	284					
2004	3	6	46					
2004	4	6	184					
2004	4	6	309					
2004	4	6	135					
2004	5	6	209					
2004	5	6	60					
2004	5	6	122					
2004	5	6	236					
2004	5	6	105					
2004	6	6	25					
2004	6	6	105					
2004	6	6	143					
2004	6	6	134					
2004	6	6	51					
2004	6	6	125					
2004	6	6	112					
2004	6	6	200					
2004	6	6	141					
2004	7	6	213					
2004	7	6	213					
2004	7	6	89					
2004	7	6	384					
2004	7	6	73					
2004	8	6	148					
2004	8	6	51					
2004	9	6	148					
2004	9	6	64					
2004	9	6	364					
2004	9	6	446					
2004	10	5.1	10					
2004	10	5.1	118					
2004	10	5.1	153					
2004	10	5.1	20					
2004	10	5.1	327					
2004	10	5.1	297					
2004	11	6	101					
2004	11	6	75					
2004	12	6	33					
2004	13	6	130					
2004	13	6	243					
2004	14	6	153					
2004	14	6	67					
2004	14	6	70					
2004	14	6	79					
2004	15	6	42					
2004	15	6	215					
2004	15	6	237					
2004	15	6	200					
2004	15	6	190					
2004	15	6	39					
2004	16	4.65	NA					
2004	17	5.7	NA					
2004	18	6	92					
2004	18	6	136					
2004	18	6	270					
2004	18	6	270					
2004	19	6	73					
2004	19	6	296					
2004	19	6	111					
2004	19	6	111					
2004	19	6	64					
2004	19	6	250					
2004	19	6	110					
2004	19	6	302					
2004	20	6	154					
2004	20	6	120					
2004	20	6	141					
2004	20	6	293					
2004	20	6	292					
2004	20	6	262					
2004	20	6	148					
2004	20	6	122					
2004	22	6	123					
2004	22	6	322					
2004	22	6	30					
2004	22	6	170					
2004	23	6.9	460					
2004	23	6.9	380					
2004	24	6	NA					
2004	25	6	201					
2004	25	6	168					
2004	26	6	61					
2004	26	6	341					
2004	27	6	207					
2004	27	6	236					
2004	28	6	165					
2004	28	6	120					
2004	29	6	95					
2004	30	6	118					
2004	30	6	250					
2004	31	6	255					
2004	31	6	146					
2004	31	6	67					
2004	32	6	210					
2004	32	6	57					
2004	32	6	120					
2004	32	6	110					
2004	32	6	207					
2004	32	6	434					
2004	32	6	207					
2004	32	6	164					
2004	32	6	238					
2004	32	6	390					
2004	32	6	326					
2004	32	6	314					
2004	32	6	69					
2004	33	6	45					
2004	33	6	259					
2004	33	6	193					
2004	33	6	94					
2004	34	6	NA					
2004	35	6	101					
2004	35	6	101					
2004	35	6	550					
2004	36	6	NA					
2004	37	6	248					
2004	37	6	98					
2004	37	6	98					
2004	38	6	134					
2004	38	6	291					
2004	38	6	74					
2004	39	6	243					
2004	39	6	243					
2004	39	6	46					
2004	40	6	326					
2004	41	6	482					
2004	41	6	199					
2004	41	6	68					
2004	41	6	47					
2004	41	6	346					
2004	42	6	151					
2004	43	6	50					
2004	44	6	118					
2004	44	6	199					
2004	45	6	51					
2004	45	6	234					
2004	45	6	137					
2004	46	6	NA					
2004	47	6	270					
2004	47	6	196					
2004	48	6	263					
2004	49	6	NA					
2005	1	8	111					
2005	1	8	15					
2005	1	8	83					
2005	1	8	64					
2005	1	8	345					
2005	1	8	75					
2005	1	8	3					
2005	1	8	219					
2005	1	8	322					
2005	1	8	289					
2005	1	8	79					
2005	2	8	340					
2005	2	8	72					
2005	2	8	166					
2005	3	8	44					
2005	3	8	165					
2005	3	8	151					
2005	3	8	41					
2005	3	8	171					
2005	3	8	323					
2005	3	8	117					
2005	3	8	115					
2005	3	8	351					
2005	3	8	77					
2005	3	8	131					
2005	4	8	87					
2005	4	8	459					
2005	4	8	72					
2005	4	8	72					
2005	4	8	68					
2005	4	8	116					
2005	4	8	66					
2005	4	8	47					
2005	4	8	129					
2005	5	8	206					
2005	5	8	5					
2005	5	8	105					
2005	6	8	50					
2005	6	8	326					
2005	6	8	201					
2005	6	8	105					
2005	6	8	86					
2005	6	8	132					
2005	7	8	29					
2005	7	8	125					
2005	7	8	105					
2005	8	8	260					
2005	8	8	24					
2005	8	8	231					
2005	9	8	108					
2005	9	8	92					
2005	9	8	0					
2005	9	8	44					
2005	10	6.8	67					
2005	10	6.8	207					
2005	10	6.8	76					
2005	10	6.8	105					
2005	10	6.8	90					
2005	10	6.8	185					
2005	10	6.8	93					
2005	10	6.8	351					
2005	10	6.8	118					
2005	10	6.8	73					
2005	11	8	58					
2005	12	8	154					
2005	12	8	250					
2005	13	8	190					
2005	13	8	162					
2005	13	8	165					
2005	14	8	100					
2005	14	8	70					
2005	14	8	330					
2005	14	8	100					
2005	14	8	52					
2005	14	8	232					
2005	14	8	80					
2005	14	8	320					
2005	14	8	354					
2005	15	8	85					
2005	15	8	90					
2005	15	8	230					
2005	15	8	260					
2005	15	8	75					
2005	15	8	145					
2005	15	8	60					
2005	15	8	92					
2005	15	8	177					
2005	16	6.2	38					
2005	16	6.2	231					
2005	16	6.2	89					
2005	16	6.2	100					
2005	16	6.2	47					
2005	16	6.2	83					
2005	16	6.2	112					
2005	17	7.6	82					
2005	17	7.6	93					
2005	17	7.6	52					
2005	17	7.6	220					
2005	17	7.6	153					
2005	17	7.6	300					
2005	18	8	237					
2005	18	8	59					
2005	18	8	77					
2005	18	8	82					
2005	18	8	141					
2005	18	8	30					
2005	19	8	397					
2005	19	8	236					
2005	19	8	406					
2005	19	8	290					
2005	19	8	330					
2005	19	8	213					
2005	19	8	206					
2005	19	8	122					
2005	20	8	115					
2005	20	8	351					
2005	22	8	165					
2005	22	8	70					
2005	22	8	267					
2005	22	8	150					
2005	22	8	478					
2005	22	8	400					
2005	22	8	10					
2005	22	8	166					
2005	23	9.2	256					
2005	23	9.2	139					
2005	23	9.2	150					
2005	24	8	NA					
2005	25	8	131					
2005	25	8	124					
2005	25	8	115					
2005	26	8	100					
2005	26	8	40					
2005	27	8	223					
2005	27	8	247					
2005	28	8	213					
2005	28	8	180					
2005	29	8	150					
2005	30	8	200					
2005	30	8	130					
2005	30	8	289					
2005	30	8	89					
2005	30	8	232					
2005	31	8	162					
2005	32	8	250					
2005	32	8	90					
2005	32	8	185					
2005	32	8	225					
2005	32	8	160					
2005	32	8	230					
2005	32	8	233					
2005	32	8	87					
2005	32	8	100					
2005	32	8	285					
2005	32	8	110					
2005	32	8	45					
2005	32	8	45					
2005	32	8	49					
2005	32	8	57					
2005	32	8	420					
2005	32	8	463					
2005	32	8	248					
2005	33	8	263					
2005	33	8	227					
2005	33	8	227					
2005	33	8	76					
2005	34	8	215					
2005	34	8	33					
2005	34	8	115					
2005	34	8	324					
2005	34	8	0					
2005	35	8	38					
2005	35	8	120					
2005	35	8	64					
2005	36	8	148					
2005	37	8	225					
2005	37	8	420					
2005	37	8	315					
2005	37	8	87					
2005	37	8	52					
2005	38	8	155					
2005	38	8	230					
2005	39	8	251					
2005	39	8	166					
2005	39	8	96					
2005	39	8	237					
2005	40	8	82					
2005	41	8	20					
2005	41	8	322					
2005	41	8	480					
2005	41	8	112					
2005	41	8	138					
2005	42	8	NA					
2005	43	8	340					
2005	44	8	107					
2005	44	8	120					
2005	45	8	NA					
2005	46	8	332					
2005	46	8	332					
2005	47	8	129					
2005	47	8	150					
2005	47	8	87					
2005	47	8	162					
2005	48	8	150					
2005	49	8	175					
2005	49	8	280					
2006	1	8	90					
2006	2	8	0					
2006	2	8	77					
2006	2	8	194					
2006	2	8	261					
2006	2	8	70					
2006	2	8	46					
2006	3	8	153					
2006	3	8	75					
2006	3	8	54					
2006	3	8	279					
2006	3	8	411					
2006	3	8	381					
2006	3	8	213					
2006	3	8	153					
2006	3	8	209					
2006	3	8	209					
2006	3	8	209					
2006	3	8	206					
2006	3	8	71					
2006	4	8	140					
2006	5	8	93					
2006	5	8	71					
2006	5	8	63					
2006	5	8	5					
2006	5	8	261					
2006	5	8	406					
2006	6	8	179					
2006	6	8	178					
2006	6	8	178					
2006	6	8	64					
2006	6	8	255					
2006	6	8	123					
2006	6	8	172					
2006	7	8	43					
2006	7	8	280					
2006	7	8	146					
2006	7	8	225					
2006	7	8	230					
2006	7	8	63					
2006	7	8	200					
2006	8	8	106					
2006	8	8	278					
2006	8	8	58					
2006	8	8	314					
2006	8	8	106					
2006	9	8	154					
2006	9	8	104					
2006	9	8	102					
2006	9	8	373					
2006	9	8	179					
2006	10	6.8	60					
2006	10	6.8	75					
2006	10	6.8	51					
2006	10	6.8	262					
2006	10	6.8	310					
2006	10	6.8	310					
2006	11	8	176					
2006	11	8	46					
2006	11	8	74					
2006	11	8	110					
2006	12	8	194					
2006	12	8	69					
2006	12	8	79					
2006	13	8	102					
2006	13	8	315					
2006	13	8	105					
2006	14	8	30					
2006	14	8	141					
2006	14	8	230					
2006	14	8	242					
2006	14	8	60					
2006	14	8	243					
2006	15	8	NA					
2006	16	6.2	142					
2006	16	6.2	106					
2006	17	7.6	210					
2006	17	7.6	80					
2006	17	8	177					
2006	17	8	75					
2006	18	8	15					
2006	18	8	152					
2006	18	8	44					
2006	18	8	134					
2006	18	8	130					
2006	18	8	91					
2006	19	8	98					
2006	19	8	225					
2006	19	8	258					
2006	19	8	147					
2006	20	8	60					
2006	20	8	120					
2006	20	8	141					
2006	20	8	265					
2006	20	8	80					
2006	22	8	100					
2006	22	8	120					
2006	22	8	81					
2006	22	8	92					
2006	22	8	130					
2006	22	8	51					
2006	22	8	51					
2006	22	8	57					
2006	23	9.2	220					
2006	23	9.2	93					
2006	24	8	111					
2006	24	8	172					
2006	25	8	206					
2006	25	8	64					
2006	26	8	74					
2006	26	8	86					
2006	26	8	86					
2006	26	8	128					
2006	26	8	180					
2006	26	8	180					
2006	26	8	339					
2006	27	8	147					
2006	27	8	105					
2006	27	8	105					
2006	28	8	59					
2006	28	8	58					
2006	28	8	161					
2006	28	8	86					
2006	28	8	195					
2006	28	8	110					
2006	28	8	80					
2006	29	8	129					
2006	29	8	219					
2006	30	8	142					
2006	30	8	105					
2006	30	8	279					
2006	30	8	250					
2006	30	8	425					
2006	30	8	118					
2006	30	8	315					
2006	31	8	384					
2006	31	8	345					
2006	31	8	340					
2006	31	8	360					
2006	32	8	100					
2006	32	8	200					
2006	32	8	225					
2006	32	8	70					
2006	32	8	105					
2006	32	8	70					
2006	32	8	80					
2006	32	8	111					
2006	32	8	231					
2006	33	8	183					
2006	33	8	210					
2006	34	8	504					
2006	34	8	504					
2006	34	8	75					
2006	34	8	152					
2006	34	8	51					
2006	34	8	24					
2006	34	8	63					
2006	35	8	183					
2006	35	8	137					
2006	35	8	189					
2006	35	8	286					
2006	35	8	182					
2006	36	8	NA					
2006	37	8	65					
2006	37	8	144					
2006	37	8	142					
2006	37	8	154					
2006	37	8	210					
2006	37	8	0					
2006	37	8	520					
2006	37	8	500					
2006	37	8	280					
2006	38	8	148					
2006	38	8	125					
2006	38	8	111					
2006	39	8	211					
2006	39	8	247					
2006	39	8	127					
2006	39	8	88					
2006	39	8	204					
2006	39	8	163					
2006	39	8	177					
2006	39	8	86					
2006	39	8	258					
2006	40	8	185					
2006	40	8	71					
2006	41	8	116					
2006	41	8	50					
2006	41	8	45					
2006	41	8	290					
2006	41	8	443					
2006	41	8	161					
2006	42	8	191					
2006	42	8	87					
2006	43	8	243					
2006	44	8	110					
2006	44	8	208					
2006	44	8	69					
2006	44	8	139					
2006	44	8	30					
2006	44	8	184					
2006	44	8	250					
2006	45	8	105					
2006	45	8	119					
2006	45	8	111					
2006	45	8	111					
2006	45	8	300					
2006	45	8	111					
2006	45	8	227					
2006	46	8	35					
2006	47	8	63					
2006	47	8	118					
2006	48	8	95					
2006	49	8	193					
2007	1	8	354					
2007	2	8	10					
2007	2	8	233					
2007	2	8	114					
2007	2	8	126					
2007	2	8	155					
2007	2	8	137					
2007	2	8	80					
2007	3	8	90					
2007	3	8	121					
2007	3	8	52					
2007	3	8	291					
2007	3	8	72					
2007	3	8	185					
2007	3	8	359					
2007	3	8	321					
2007	3	8	53					
2007	3	8	7					
2007	3	8	88					
2007	4	8	167					
2007	4	8	58					
2007	5	8	55					
2007	5	8	203					
2007	5	8	25					
2007	6	8	73					
2007	6	8	65					
2007	6	8	73					
2007	6	8	102					
2007	7	8	150					
2007	7	8	47					
2007	7	8	158					
2007	7	8	222					
2007	7	8	34					
2007	7	8	26					
2007	8	8	61					
2007	8	8	94					
2007	9	8	43					
2007	9	8	135					
2007	10	6.8	30					
2007	10	6.8	38					
2007	10	6.8	37					
2007	10	6.8	97					
2007	10	6.8	105					
2007	10	6.8	29					
2007	10	6.8	39					
2007	10	6.8	322					
2007	11	8	75					
2007	11	8	77					
2007	11	8	60					
2007	11	8	91					
2007	11	8	43					
2007	11	8	51					
2007	11	8	52					
2007	12	8	NA					
2007	13	8	257					
2007	14	8	66					
2007	14	8	42					
2007	14	8	53					
2007	14	8	55					
2007	14	8	103					
2007	14	8	65					
2007	15	8	171					
2007	15	8	171					
2007	15	8	50					
2007	15	8	25					
2007	15	8	43					
2007	15	8	300					
2007	16	6.2	68					
2007	16	6.2	105					
2007	16	6.2	33					
2007	16	6.2	80					
2007	16	6.2	301					
2007	17	7.6	66					
2007	17	7.6	54					
2007	17	7.6	321					
2007	18	8	90					
2007	18	8	133					
2007	18	8	58					
2007	19	8	318					
2007	19	8	120					
2007	19	8	151					
2007	19	8	211					
2007	19	8	45					
2007	19	8	211					
2007	19	8	76					
2007	19	8	313					
2007	19	8	70					
2007	19	8	73					
2007	19	8	51					
2007	19	8	202					
2007	19	8	81					
2007	20	8	212					
2007	20	8	75					
2007	20	8	74					
2007	20	8	80					
2007	20	8	85					
2007	20	8	245					
2007	20	8	103					
2007	20	8	233					
2007	20	8	243					
2007	20	8	108					
2007	20	8	96					
2007	20	8	311					
2007	20	8	85					
2007	20	8	129					
2007	20	8	182					
2007	20	8	339					
2007	20	8	27					
2007	20	8	74					
2007	20	8	84					
2007	20	8	70					
2007	20	8	30					
2007	20	8	80					
2007	20	8	147					
2007	20	8	15					
2007	20	8	88					
2007	22	8	157					
2007	22	8	68					
2007	22	8	432					
2007	22	8	212					
2007	22	8	61					
2007	22	8	352					
2007	23	9.2	122					
2007	23	9.2	281					
2007	23	9.2	61					
2007	23	9.2	71					
2007	23	9.2	162					
2007	23	9.2	181					
2007	23	9.2	70					
2007	24	8	53					
2007	24	8	50					
2007	24	8	250					
2007	24	8	149					
2007	24	8	253					
2007	24	8	55					
2007	25	8	101					
2007	25	8	86					
2007	25	8	46					
2007	25	8	71					
2007	25	8	67					
2007	25	8	65					
2007	25	8	55					
2007	26	8	125					
2007	26	8	173					
2007	26	8	150					
2007	27	8	119					
2007	27	8	277					
2007	28	8	34					
2007	28	8	182					
2007	29	8	NA					
2007	30	8	31					
2007	30	8	47					
2007	30	8	58					
2007	30	8	152					
2007	30	8	64					
2007	30	8	159					
2007	31	8	123					
2007	31	8	68					
2007	32	8	245					
2007	32	8	155					
2007	32	8	194					
2007	32	8	145					
2007	32	8	155					
2007	32	8	155					
2007	32	8	30					
2007	32	8	280					
2007	32	8	67					
2007	32	8	67					
2007	33	8	51					
2007	33	8	140					
2007	33	8	58					
2007	33	8	41					
2007	33	8	75					
2007	34	8	348					
2007	34	8	78					
2007	34	8	465					
2007	35	8	291					
2007	35	8	335					
2007	35	8	169					
2007	35	8	40					
2007	35	8	162					
2007	36	8	35					
2007	36	8	154					
2007	36	8	15					
2007	36	8	139					
2007	36	8	28					
2007	36	8	175					
2007	37	8	277					
2007	37	8	286					
2007	38	8	65					
2007	38	8	86					
2007	39	8	86					
2007	39	8	212					
2007	39	8	154					
2007	39	8	195					
2007	39	8	73					
2007	39	8	230					
2007	40	8	74					
2007	40	8	20					
2007	40	8	130					
2007	40	8	78					
2007	40	8	390					
2007	41	8	495					
2007	41	8	178					
2007	41	8	143					
2007	41	8	139					
2007	41	8	65					
2007	41	8	78					
2007	41	8	126					
2007	41	8	48					
2007	41	8	54					
2007	41	8	209					
2007	41	8	368					
2007	41	8	394					
2007	41	8	128					
2007	41	8	28					
2007	41	8	336					
2007	41	8	336					
2007	41	8	47					
2007	41	8	60					
2007	41	8	15					
2007	41	8	71					
2007	41	8	354					
2007	41	8	448					
2007	41	8	448					
2007	41	8	35					
2007	41	8	137					
2007	42	8	240					
2007	42	8	252					
2007	42	8	252					
2007	42	8	177					
2007	42	8	154					
2007	42	8	174					
2007	42	8	164					
2007	43	8	175					
2007	43	8	339					
2007	43	8	96					
2007	44	8	109					
2007	44	8	172					
2007	44	8	130					
2007	44	8	37					
2007	44	8	140					
2007	45	8	221					
2007	45	8	103					
2007	45	8	181					
2007	45	8	76					
2007	45	8	48					
2007	45	8	230					
2007	46	8	168					
2007	47	8	76					
2007	47	8	114					
2007	47	8	52					
2007	47	8	58					
2007	47	8	135					
2007	47	8	129					
2007	47	8	76					
2007	48	8	35					
2007	48	8	35					
2007	48	8	96					
2007	49	8	261					
2008	1	8	141					
2008	1	8	82					
2008	2	8	79					
2008	2	8	52					
2008	2	8	58					
2008	2	8	187					
2008	2	8	172					
2008	2	8	180					
2008	3	8	169					
2008	3	8	195					
2008	3	8	33					
2008	3	8	69					
2008	4	8	118					
2008	4	8	159					
2008	4	8	82					
2008	4	8	69					
2008	4	8	84					
2008	4	8	181					
2008	4	8	55					
2008	5	8	130					
2008	5	8	5					
2008	5	8	70					
2008	6	8	111					
2008	6	8	68					
2008	6	8	78					
2008	6	8	83					
2008	6	8	68					
2008	7	8	119					
2008	7	8	232					
2008	7	8	163					
2008	8	8	105					
2008	8	8	158					
2008	8	8	186					
2008	8	8	186					
2008	8	8	58					
2008	8	8	76					
2008	9	8	61					
2008	9	8	94					
2008	9	8	88					
2008	9	8	237					
2008	9	8	106					
2008	9	8	49					
2008	9	8	120					
2008	10	6.8	63					
2008	10	6.8	55					
2008	10	6.8	20					
2008	10	6.8	20					
2008	11	8	50					
2008	11	8	36					
2008	11	8	52					
2008	11	8	29					
2008	11	8	73					
2008	11	8	83					
2008	11	8	73					
2008	11	8	119					
2008	11	8	56					
2008	11	8	57					
2008	12	8	NA					
2008	13	8	132					
2008	13	8	80					
2008	13	8	62					
2008	13	8	132					
2008	13	8	196					
2008	13	8	143					
2008	14	8	400					
2008	14	8	94					
2008	14	8	381					
2008	15	8	324					
2008	15	8	165					
2008	15	8	191					
2008	16	6.2	134					
2008	16	6.2	111					
2008	16	6.2	38					
2008	16	6.2	41					
2008	16	6.2	83					
2008	17	7.6	100					
2008	17	7.6	86					
2008	17	7.6	86					
2008	17	7.6	150					
2008	17	7.6	287					
2008	17	7.6	171					
2008	17	7.6	27					
2008	17	7.6	100					
2008	17	7.6	321					
2008	18	8	87					
2008	19	8	250					
2008	19	8	77					
2008	19	8	83					
2008	19	8	52					
2008	19	8	102					
2008	19	8	152					
2008	20	8	80					
2008	20	8	126					
2008	20	8	327					
2008	20	8	65					
2008	20	8	85					
2008	20	8	160					
2008	20	8	60					
2008	20	8	98					
2008	20	8	82					
2008	20	8	253					
2008	22	8	376					
2008	23	9.2	186					
2008	23	9.2	52					
2008	23	9.2	183					
2008	23	9.2	200					
2008	24	8	NA					
2008	25	8	178					
2008	25	8	163					
2008	25	8	23					
2008	25	8	384					
2008	25	8	155					
2008	25	8	75					
2008	26	8	103					
2008	26	8	180					
2008	26	8	51					
2008	26	8	119					
2008	27	8	NA					
2008	28	8	42					
2008	28	8	126					
2008	29	8	NA					
2008	30	8	NA					
2008	31	8	66					
2008	32	8	20					
2008	32	8	65					
2008	32	8	194					
2008	33	8	324					
2008	33	8	50					
2008	34	8	301					
2008	34	8	159					
2008	34	8	46					
2008	34	8	196					
2008	35	8	82					
2008	35	8	202					
2008	36	8	278					
2008	36	8	196					
2008	36	8	229					
2008	36	8	434					
2008	36	8	195					
2008	36	8	270					
2008	36	8	162					
2008	36	8	60					
2008	36	8	149					
2008	37	8	62					
2008	37	8	334					
2008	37	8	196					
2008	37	8	196					
2008	37	8	85					
2008	38	8	416					
2008	38	8	70					
2008	38	8	70					
2008	39	8	143					
2008	39	8	107					
2008	39	8	199					
2008	39	8	269					
2008	39	8	86					
2008	39	8	141					
2008	39	8	245					
2008	39	8	213					
2008	40	8	288					
2008	40	8	80					
2008	40	8	48					
2008	40	8	281					
2008	41	8	116					
2008	41	8	463					
2008	41	8	416					
2008	41	8	65					
2008	41	8	416					
2008	41	8	58					
2008	41	8	109					
2008	41	8	470					
2008	41	8	61					
2008	41	8	69					
2008	41	8	286					
2008	41	8	130					
2008	41	8	20					
2008	42	8	26					
2008	42	8	135					
2008	42	8	44					
2008	42	8	121					
2008	42	8	58					
2008	42	8	304					
2008	42	8	91					
2008	42	8	173					
2008	43	8	107					
2008	43	8	219					
2008	43	8	276					
2008	43	8	60					
2008	43	8	96					
2008	43	8	143					
2008	44	8	88					
2008	44	8	60					
2008	45	8	67					
2008	45	8	88					
2008	45	8	10					
2008	46	8	206					
2008	47	8	121					
2008	47	8	51					
2008	47	8	73					
2008	48	8	30					
2008	48	8	159					
2008	49	8	38					
2008	49	8	192					
2008	49	8	298					
2008	49	8	193					
2008	49	8	186					
2009	1	8	110					
2009	1	8	110					
2009	2	8	235					
2009	2	8	143					
2009	2	8	130					
2009	2	8	36					
2009	2	8	92					
2009	2	8	92					
2009	2	8	58					
2009	2	8	58					
2009	2	8	137					
2009	2	8	87					
2009	2	8	87					
2009	2	8	61					
2009	2	8	84					
2009	3	8	64					
2009	3	8	47					
2009	3	8	89					
2009	3	8	167					
2009	3	8	261					
2009	3	8	212					
2009	3	8	44					
2009	3	8	57					
2009	4	8	120					
2009	4	8	63					
2009	4	8	118					
2009	4	8	204					
2009	5	8	80					
2009	5	8	100					
2009	5	8	30					
2009	5	8	30					
2009	5	8	110					
2009	5	8	100					
2009	5	8	120					
2009	5	8	200					
2009	5	8	120					
2009	6	8	215					
2009	6	8	201					
2009	6	8	137					
2009	6	8	221					
2009	6	8	129					
2009	6	8	207					
2009	6	8	63					
2009	7	8	171					
2009	7	8	153					
2009	7	8	63					
2009	7	8	101					
2009	7	8	151					
2009	7	8	223					
2009	7	8	68					
2009	7	8	325					
2009	7	8	151					
2009	8	8	93					
2009	8	8	165					
2009	9	8	321					
2009	10	6.8	213					
2009	10	6.8	173					
2009	10	6.8	135					
2009	10	6.8	63					
2009	10	6.8	50					
2009	10	6.8	86					
2009	11	8	101					
2009	11	8	118					
2009	11	8	51					
2009	12	8	166					
2009	12	8	80					
2009	13	8	180					
2009	13	8	215					
2009	13	8	88					
2009	13	8	69					
2009	13	8	81					
2009	13	8	81					
2009	13	8	284					
2009	13	8	34					
2009	13	8	300					
2009	14	8	60					
2009	15	8	312					
2009	15	8	160					
2009	15	8	300					
2009	16	6.2	101					
2009	16	6.2	133					
2009	16	6.2	125					
2009	16	6.2	153					
2009	16	6.2	18					
2009	16	6.2	75					
2009	16	6.2	237					
2009	16	6.2	201					
2009	16	6.2	0					
2009	17	7.6	182					
2009	17	7.6	297					
2009	17	7.6	65					
2009	17	7.6	45					
2009	17	7.6	55					
2009	17	7.6	45					
2009	17	7.6	96					
2009	17	7.6	208					
2009	18	8	135					
2009	18	8	78					
2009	18	8	39					
2009	18	8	45					
2009	18	8	70					
2009	18	8	150					
2009	19	8	42					
2009	19	8	150					
2009	19	8	312					
2009	19	8	52					
2009	20	8	225					
2009	20	8	70					
2009	20	8	95					
2009	20	8	114					
2009	20	8	281					
2009	20	8	106					
2009	20	8	60					
2009	20	8	238					
2009	20	8	139					
2009	20	8	347					
2009	20	8	297					
2009	20	8	274					
2009	20	8	270					
2009	20	8	35					
2009	20	8	81					
2009	20	8	246					
2009	20	8	246					
2009	20	8	129					
2009	22	8	95					
2009	22	8	37					
2009	22	8	87					
2009	22	8	135					
2009	22	8	111					
2009	22	8	106					
2009	23	9.2	87					
2009	23	9.2	116					
2009	23	9.2	191					
2009	23	9.2	89					
2009	23	9.2	80					
2009	24	8	65					
2009	24	8	281					
2009	24	8	82					
2009	25	8	94					
2009	25	8	244					
2009	25	8	247					
2009	25	8	69					
2009	25	8	171					
2009	25	8	46					
2009	25	8	156					
2009	26	8	61					
2009	26	8	213					
2009	26	8	100					
2009	26	8	15					
2009	26	8	130					
2009	26	8	60					
2009	26	8	66					
2009	26	8	26					
2009	26	8	67					
2009	26	8	136					
2009	26	8	111					
2009	27	8	93					
2009	27	8	230					
2009	27	8	10					
2009	27	8	105					
2009	28	8	NA					
2009	29	8	102					
2009	29	8	200					
2009	29	8	208					
2009	30	8	65					
2009	31	8	155					
2009	31	8	246					
2009	31	8	58					
2009	31	8	129					
2009	31	8	174					
2009	32	8	70					
2009	32	8	45					
2009	32	8	153					
2009	32	8	153					
2009	32	8	42					
2009	33	8	233					
2009	33	8	68					
2009	33	8	149					
2009	33	8	62					
2009	33	8	65					
2009	33	8	82					
2009	34	8	325					
2009	34	8	195					
2009	35	8	253					
2009	35	8	135					
2009	35	8	81					
2009	36	8	0					
2009	36	8	123					
2009	36	8	255					
2009	36	8	183					
2009	36	8	399					
2009	36	8	40					
2009	36	8	263					
2009	36	8	432					
2009	37	8	94					
2009	37	8	61					
2009	37	8	346					
2009	37	8	112					
2009	37	8	35					
2009	37	8	99					
2009	38	8	123					
2009	38	8	93					
2009	38	8	182					
2009	38	8	198					
2009	38	8	144					
2009	39	8	152					
2009	39	8	197					
2009	39	8	197					
2009	39	8	152					
2009	39	8	327					
2009	39	8	153					
2009	39	8	78					
2009	39	8	95					
2009	40	8	46					
2009	41	8	200					
2009	41	8	297					
2009	41	8	210					
2009	41	8	150					
2009	41	8	357					
2009	41	8	348					
2009	41	8	111					
2009	41	8	37					
2009	41	8	399					
2009	41	8	324					
2009	41	8	365					
2009	42	8	63					
2009	42	8	253					
2009	42	8	252					
2009	42	8	101					
2009	42	8	51					
2009	43	8	58					
2009	43	8	181					
2009	43	8	184					
2009	43	8	160					
2009	44	8	180					
2009	44	8	288					
2009	44	8	63					
2009	44	8	81					
2009	45	8	37					
2009	45	8	179					
2009	45	8	179					
2009	45	8	1					
2009	45	8	53					
2009	45	8	377					
2009	46	8	182					
2009	47	8	271					
2009	47	8	271					
2009	47	8	130					
2009	47	8	123					
2009	47	8	100					
2009	48	8	247					
2009	48	8	79					
2009	49	8	285					
2009	49	8	59					
2010	1	8	88					
2010	1	8	201					
2010	1	8	68					
2010	1	8	80					
2010	1	8	41					
2010	2	8	42					
2010	2	8	42					
2010	2	8	251					
2010	2	8	166					
2010	2	8	267					
2010	2	8	155					
2010	2	8	20					
2010	2	8	142					
2010	2	8	130					
2010	2	8	108					
2010	2	8	108					
2010	2	8	72					
2010	3	8	78					
2010	3	8	76					
2010	3	8	111					
2010	3	8	81					
2010	3	8	77					
2010	3	8	133					
2010	3	8	128					
2010	3	8	154					
2010	3	8	243					
2010	4	8	80					
2010	5	8	30					
2010	5	8	50					
2010	5	8	30					
2010	5	8	150					
2010	5	8	80					
2010	5	8	100					
2010	5	8	112					
2010	5	8	50					
2010	5	8	50					
2010	6	8	129					
2010	6	8	230					
2010	6	8	230					
2010	6	8	86					
2010	6	8	154					
2010	6	8	168					
2010	6	8	165					
2010	6	8	116					
2010	6	8	136					
2010	6	8	179					
2010	6	8	179					
2010	6	8	48					
2010	7	8	135					
2010	7	8	110					
2010	7	8	350					
2010	7	8	198					
2010	7	8	317					
2010	7	8	48					
2010	7	8	72					
2010	8	8	142					
2010	8	8	166					
2010	8	8	50					
2010	8	8	87					
2010	8	8	219					
2010	9	8	117					
2010	9	8	127					
2010	9	8	195					
2010	10	6.8	148					
2010	10	6.8	130					
2010	10	6.8	50					
2010	10	6.8	80					
2010	11	8	156					
2010	11	8	62					
2010	11	8	171					
2010	11	8	15					
2010	11	8	91					
2010	12	8	334					
2010	12	8	57					
2010	12	8	162					
2010	12	8	126					
2010	13	8	90					
2010	13	8	35					
2010	13	8	302					
2010	13	8	168					
2010	13	8	168					
2010	13	8	67					
2010	13	8	380					
2010	13	8	221					
2010	14	8	70					
2010	14	8	200					
2010	14	8	130					
2010	15	8	123					
2010	15	8	5					
2010	16	6.2	223					
2010	16	6.2	146					
2010	17	7.6	100					
2010	17	7.6	57					
2010	18	8	146					
2010	19	8	120					
2010	19	8	262					
2010	19	8	130					
2010	19	8	447					
2010	19	8	116					
2010	19	8	50					
2010	19	8	248					
2010	19	8	62					
2010	19	8	436					
2010	19	8	436					
2010	19	8	182					
2010	19	8	97					
2010	19	8	302					
2010	20	8	172					
2010	20	8	176					
2010	20	8	80					
2010	20	8	120					
2010	20	8	192					
2010	20	8	274					
2010	22	8	88					
2010	22	8	230					
2010	22	8	63					
2010	22	8	196					
2010	22	8	403					
2010	22	8	82					
2010	23	9.2	97					
2010	23	9.2	109					
2010	23	9.2	489					
2010	23	9.2	108					
2010	23	9.2	124					
2010	23	9.2	320					
2010	23	9.2	37					
2010	23	9.2	283					
2010	23	9.2	242					
2010	24	8	457					
2010	24	8	97					
2010	24	8	201					
2010	24	8	201					
2010	24	8	168					
2010	24	8	72					
2010	24	8	72					
2010	25	8	208					
2010	25	8	58					
2010	25	8	63					
2010	25	8	171					
2010	25	8	128					
2010	25	8	82					
2010	25	8	56					
2010	25	8	162					
2010	25	8	241					
2010	25	8	148					
2010	25	8	203					
2010	25	8	56					
2010	25	8	57					
2010	25	8	196					
2010	25	8	152					
2010	26	8	141					
2010	26	8	115					
2010	27	8	147					
2010	27	8	80					
2010	27	8	70					
2010	27	8	94					
2010	27	8	100					
2010	27	8	120					
2010	27	8	160					
2010	27	8	160					
2010	27	8	85					
2010	27	8	80					
2010	28	8	85					
2010	28	8	92					
2010	29	8	200					
2010	29	8	194					
2010	29	8	132					
2010	30	8	52					
2010	30	8	20					
2010	31	8	99					
2010	31	8	66					
2010	32	8	224					
2010	33	8	119					
2010	33	8	81					
2010	33	8	220					
2010	33	8	191					
2010	34	8	55					
2010	34	8	335					
2010	34	8	160					
2010	35	8	398					
2010	35	8	398					
2010	35	8	398					
2010	35	8	110					
2010	35	8	141					
2010	35	8	287					
2010	35	8	312					
2010	35	8	316					
2010	36	8	248					
2010	36	8	256					
2010	36	8	74					
2010	36	8	202					
2010	36	8	113					
2010	36	8	217					
2010	36	8	217					
2010	37	8	274					
2010	37	8	86					
2010	37	8	99					
2010	38	8	359					
2010	38	8	359					
2010	38	8	208					
2010	38	8	251					
2010	38	8	89					
2010	39	8	291					
2010	39	8	61					
2010	39	8	238					
2010	40	8	182					
2010	40	8	185					
2010	40	8	164					
2010	40	8	69					
2010	40	8	52					
2010	41	8	298					
2010	41	8	170					
2010	41	8	230					
2010	41	8	338					
2010	41	8	52					
2010	41	8	85					
2010	41	8	410					
2010	42	8	141					
2010	42	8	69					
2010	42	8	85					
2010	42	8	68					
2010	43	8	100					
2010	44	8	86					
2010	44	8	158					
2010	44	8	100					
2010	44	8	30					
2010	44	8	80					
2010	45	8	67					
2010	45	8	322					
2010	46	8	260					
2010	46	8	65					
2010	47	8	141					
2010	47	8	25					
2010	47	8	106					
2010	47	8	106					
2010	48	8	131					
2010	48	8	91					
2010	48	8	20					
2010	48	8	156					
2010	48	8	141					
2010	48	8	55					
2010	49	8	267					
2010	49	8	170					
2010	49	8	170					
